# Chile Backoff Power Limit Table (unit is 0.5 dBm),,,,,,,,,,,,,,,,,,,,,,,,,,,,,,,,,,,,,,,,,,,,,,,,,,,,,,,,,,,,,,,,,,,,,,,,,,,,,,,,,,,,,,,,,,,
# 2.4G Channel,CCK,,,,OFDM,,,,,,,HT20/VHT20,,,,,,,,,,,,,,,,,,,,HT40/VHT40,,,,,,,,,,,,,,,,,,,,VHT80,,,,,,,,,,,,,,,,,,,,VHT160,,,,,,,,,,,,,,,,,,,
,BF OFF,,,,BF OFF,,,,BF ON,,,BF OFF,,,,,,,,,,BF ON,,,,,,,,,,BF OFF,,,,,,,,,,BF ON,,,,,,,,,,BF OFF,,,,,,,,,,BF ON,,,,,,,,,,BF OFF,,,,,,,,,,BF ON,,,,,,,,,
Band: 2.4G,1T1ss,2T1ss,3T1ss,4T1ss,1T1ss,2T1ss,3T1ss,4T1ss,2T1ss,3T1ss,4T1ss,1T1ss,2T1ss,3T1ss,4T1ss,2T2ss,3T2ss,4T2ss,3T3ss,4T3ss,4T4ss,1T1ss,2T1ss,3T1ss,4T1ss,2T2ss,3T2ss,4T2ss,3T3ss,4T3ss,4T4ss,1T1ss,2T1ss,3T1ss,4T1ss,2T2ss,3T2ss,4T2ss,3T3ss,4T3ss,4T4ss,1T1ss,2T1ss,3T1ss,4T1ss,2T2ss,3T2ss,4T2ss,3T3ss,4T3ss,4T4ss,1T1ss,2T1ss,3T1ss,4T1ss,2T2ss,3T2ss,4T2ss,3T3ss,4T3ss,4T4ss,1T1ss,2T1ss,3T1ss,4T1ss,2T2ss,3T2ss,4T2ss,3T3ss,4T3ss,4T4ss,1T1ss,2T1ss,3T1ss,4T1ss,2T2ss,3T2ss,4T2ss,3T3ss,4T3ss,4T4ss,1T1ss,2T1ss,3T1ss,4T1ss,2T2ss,3T2ss,4T2ss,3T3ss,4T3ss,4T4ss
Ch1,11,11,11,11,11,11,11,11,11,11,11,12.5,12.5,12.5,12.5,12.5,12.5,12.5,12.5,12.5,12.5,8.5,8.5,8.5,8.5,8.5,8.5,8.5,8.5,8.5,8.5,14.5,14.5,14.5,14.5,14.5,14.5,14.5,14.5,14.5,14.5,10.5,10.5,10.5,10.5,10.5,10.5,10.5,10.5,10.5,10.5,30,30,30,30,30,30,30,30,30,30,30,30,30,30,30,30,30,30,30,30,30,30,30,30,30,30,30,30,30,30,30,30,30,30,30,30,30,30,30,30
Ch2,11,11,11,11,11,11,11,11,11,11,11,12.5,12.5,12.5,12.5,12.5,12.5,12.5,12.5,12.5,12.5,8.5,8.5,8.5,8.5,8.5,8.5,8.5,8.5,8.5,8.5,14.5,14.5,14.5,14.5,14.5,14.5,14.5,14.5,14.5,14.5,10.5,10.5,10.5,10.5,10.5,10.5,10.5,10.5,10.5,10.5,30,30,30,30,30,30,30,30,30,30,30,30,30,30,30,30,30,30,30,30,30,30,30,30,30,30,30,30,30,30,30,30,30,30,30,30,30,30,30,30
Ch3,11,11,11,11,11,11,11,11,11,11,11,12.5,12.5,12.5,12.5,12.5,12.5,12.5,12.5,12.5,12.5,8.5,8.5,8.5,8.5,8.5,8.5,8.5,8.5,8.5,8.5,14.5,14.5,14.5,14.5,14.5,14.5,14.5,14.5,14.5,14.5,10.5,10.5,10.5,10.5,10.5,10.5,10.5,10.5,10.5,10.5,30,30,30,30,30,30,30,30,30,30,30,30,30,30,30,30,30,30,30,30,30,30,30,30,30,30,30,30,30,30,30,30,30,30,30,30,30,30,30,30
Ch4,11,11,11,11,11,11,11,11,11,11,11,12.5,12.5,12.5,12.5,12.5,12.5,12.5,12.5,12.5,12.5,8.5,8.5,8.5,8.5,8.5,8.5,8.5,8.5,8.5,8.5,14.5,14.5,14.5,14.5,14.5,14.5,14.5,14.5,14.5,14.5,10.5,10.5,10.5,10.5,10.5,10.5,10.5,10.5,10.5,10.5,30,30,30,30,30,30,30,30,30,30,30,30,30,30,30,30,30,30,30,30,30,30,30,30,30,30,30,30,30,30,30,30,30,30,30,30,30,30,30,30
Ch5,11,11,11,11,11,11,11,11,11,11,11,12.5,12.5,12.5,12.5,12.5,12.5,12.5,12.5,12.5,12.5,8.5,8.5,8.5,8.5,8.5,8.5,8.5,8.5,8.5,8.5,14.5,14.5,14.5,14.5,14.5,14.5,14.5,14.5,14.5,14.5,10.5,10.5,10.5,10.5,10.5,10.5,10.5,10.5,10.5,10.5,30,30,30,30,30,30,30,30,30,30,30,30,30,30,30,30,30,30,30,30,30,30,30,30,30,30,30,30,30,30,30,30,30,30,30,30,30,30,30,30
Ch6,11,11,11,11,11,11,11,11,11,11,11,12.5,12.5,12.5,12.5,12.5,12.5,12.5,12.5,12.5,12.5,8.5,8.5,8.5,8.5,8.5,8.5,8.5,8.5,8.5,8.5,14.5,14.5,14.5,14.5,14.5,14.5,14.5,14.5,14.5,14.5,10.5,10.5,10.5,10.5,10.5,10.5,10.5,10.5,10.5,10.5,30,30,30,30,30,30,30,30,30,30,30,30,30,30,30,30,30,30,30,30,30,30,30,30,30,30,30,30,30,30,30,30,30,30,30,30,30,30,30,30
Ch7,11,11,11,11,11,11,11,11,11,11,11,12.5,12.5,12.5,12.5,12.5,12.5,12.5,12.5,12.5,12.5,8.5,8.5,8.5,8.5,8.5,8.5,8.5,8.5,8.5,8.5,14.5,14.5,14.5,14.5,14.5,14.5,14.5,14.5,14.5,14.5,10.5,10.5,10.5,10.5,10.5,10.5,10.5,10.5,10.5,10.5,30,30,30,30,30,30,30,30,30,30,30,30,30,30,30,30,30,30,30,30,30,30,30,30,30,30,30,30,30,30,30,30,30,30,30,30,30,30,30,30
Ch8,11,11,11,11,11,11,11,11,11,11,11,12.5,12.5,12.5,12.5,12.5,12.5,12.5,12.5,12.5,12.5,8.5,8.5,8.5,8.5,8.5,8.5,8.5,8.5,8.5,8.5,14.5,14.5,14.5,14.5,14.5,14.5,14.5,14.5,14.5,14.5,10.5,10.5,10.5,10.5,10.5,10.5,10.5,10.5,10.5,10.5,30,30,30,30,30,30,30,30,30,30,30,30,30,30,30,30,30,30,30,30,30,30,30,30,30,30,30,30,30,30,30,30,30,30,30,30,30,30,30,30
Ch9,11,11,11,11,11,11,11,11,11,11,11,12.5,12.5,12.5,12.5,12.5,12.5,12.5,12.5,12.5,12.5,8.5,8.5,8.5,8.5,8.5,8.5,8.5,8.5,8.5,8.5,14.5,14.5,14.5,14.5,14.5,14.5,14.5,14.5,14.5,14.5,10.5,10.5,10.5,10.5,10.5,10.5,10.5,10.5,10.5,10.5,30,30,30,30,30,30,30,30,30,30,30,30,30,30,30,30,30,30,30,30,30,30,30,30,30,30,30,30,30,30,30,30,30,30,30,30,30,30,30,30
Ch10,11,11,11,11,11,11,11,11,11,11,11,12.5,12.5,12.5,12.5,12.5,12.5,12.5,12.5,12.5,12.5,8.5,8.5,8.5,8.5,8.5,8.5,8.5,8.5,8.5,8.5,14.5,14.5,14.5,14.5,14.5,14.5,14.5,14.5,14.5,14.5,10.5,10.5,10.5,10.5,10.5,10.5,10.5,10.5,10.5,10.5,30,30,30,30,30,30,30,30,30,30,30,30,30,30,30,30,30,30,30,30,30,30,30,30,30,30,30,30,30,30,30,30,30,30,30,30,30,30,30,30
Ch11,11,11,11,11,11,11,11,11,11,11,11,12.5,12.5,12.5,12.5,12.5,12.5,12.5,12.5,12.5,12.5,8.5,8.5,8.5,8.5,8.5,8.5,8.5,8.5,8.5,8.5,14.5,14.5,14.5,14.5,14.5,14.5,14.5,14.5,14.5,14.5,10.5,10.5,10.5,10.5,10.5,10.5,10.5,10.5,10.5,10.5,30,30,30,30,30,30,30,30,30,30,30,30,30,30,30,30,30,30,30,30,30,30,30,30,30,30,30,30,30,30,30,30,30,30,30,30,30,30,30,30
Ch12,11,11,11,11,11,11,11,11,11,11,11,12.5,12.5,12.5,12.5,12.5,12.5,12.5,12.5,12.5,12.5,8.5,8.5,8.5,8.5,8.5,8.5,8.5,8.5,8.5,8.5,14.5,14.5,14.5,14.5,14.5,14.5,14.5,14.5,14.5,14.5,10.5,10.5,10.5,10.5,10.5,10.5,10.5,10.5,10.5,10.5,30,30,30,30,30,30,30,30,30,30,30,30,30,30,30,30,30,30,30,30,30,30,30,30,30,30,30,30,30,30,30,30,30,30,30,30,30,30,30,30
Ch13,11,11,11,11,11,11,11,11,11,11,11,12.5,12.5,12.5,12.5,12.5,12.5,12.5,12.5,12.5,12.5,8.5,8.5,8.5,8.5,8.5,8.5,8.5,8.5,8.5,8.5,14.5,14.5,14.5,14.5,14.5,14.5,14.5,14.5,14.5,14.5,10.5,10.5,10.5,10.5,10.5,10.5,10.5,10.5,10.5,10.5,30,30,30,30,30,30,30,30,30,30,30,30,30,30,30,30,30,30,30,30,30,30,30,30,30,30,30,30,30,30,30,30,30,30,30,30,30,30,30,30
Ch14,11,11,11,11,11,11,11,11,11,11,11,12.5,12.5,12.5,12.5,12.5,12.5,12.5,12.5,12.5,12.5,8.5,8.5,8.5,8.5,8.5,8.5,8.5,8.5,8.5,8.5,14.5,14.5,14.5,14.5,14.5,14.5,14.5,14.5,14.5,14.5,10.5,10.5,10.5,10.5,10.5,10.5,10.5,10.5,10.5,10.5,30,30,30,30,30,30,30,30,30,30,30,30,30,30,30,30,30,30,30,30,30,30,30,30,30,30,30,30,30,30,30,30,30,30,30,30,30,30,30,30
,,,,,,,,,,,,,,,,,,,,,,,,,,,,,,,,,,,,,,,,,,,,,,,,,,,,,,,,,,,,,,,,,,,,,,,,,,,,,,,,,,,,,,,,,,,
# 5G Channel,CCK,,,,OFDM,,,,,,,HT20/VHT20,,,,,,,,,,,,,,,,,,,,HT40/VHT40,,,,,,,,,,,,,,,,,,,,VHT80,,,,,,,,,,,,,,,,,,,,VHT160,,,,,,,,,,,,,,,,,,,
,BF OFF,,,,BF OFF,,,,BF ON,,,BF OFF,,,,,,,,,,BF ON,,,,,,,,,,BF OFF,,,,,,,,,,BF ON,,,,,,,,,,BF OFF,,,,,,,,,,BF ON,,,,,,,,,,BF OFF,,,,,,,,,,BF ON,,,,,,,,,
Band: 5G,1T1ss,2T1ss,3T1ss,4T1ss,1T1ss,2T1ss,3T1ss,4T1ss,2T1ss,3T1ss,4T1ss,1T1ss,2T1ss,3T1ss,4T1ss,2T2ss,3T2ss,4T2ss,3T3ss,4T3ss,4T4ss,1T1ss,2T1ss,3T1ss,4T1ss,2T2ss,3T2ss,4T2ss,3T3ss,4T3ss,4T4ss,1T1ss,2T1ss,3T1ss,4T1ss,2T2ss,3T2ss,4T2ss,3T3ss,4T3ss,4T4ss,1T1ss,2T1ss,3T1ss,4T1ss,2T2ss,3T2ss,4T2ss,3T3ss,4T3ss,4T4ss,1T1ss,2T1ss,3T1ss,4T1ss,2T2ss,3T2ss,4T2ss,3T3ss,4T3ss,4T4ss,1T1ss,2T1ss,3T1ss,4T1ss,2T2ss,3T2ss,4T2ss,3T3ss,4T3ss,4T4ss,1T1ss,2T1ss,3T1ss,4T1ss,2T2ss,3T2ss,4T2ss,3T3ss,4T3ss,4T4ss,1T1ss,2T1ss,3T1ss,4T1ss,2T2ss,3T2ss,4T2ss,3T3ss,4T3ss,4T4ss
Ch184,30,30,30,30,30,30,30,30,30,30,30,30,30,30,30,30,30,30,30,30,30,30,30,30,30,30,30,30,30,30,30,30,30,30,30,30,30,30,30,30,30,30,30,30,30,30,30,30,30,30,30,30,30,30,30,30,30,30,30,30,30,30,30,30,30,30,30,30,30,30,30,30,30,30,30,30,30,30,30,30,30,30,30,30,30,30,30,30,30,30,30
Ch188,30,30,30,30,30,30,30,30,30,30,30,30,30,30,30,30,30,30,30,30,30,30,30,30,30,30,30,30,30,30,30,30,30,30,30,30,30,30,30,30,30,30,30,30,30,30,30,30,30,30,30,30,30,30,30,30,30,30,30,30,30,30,30,30,30,30,30,30,30,30,30,30,30,30,30,30,30,30,30,30,30,30,30,30,30,30,30,30,30,30,30
Ch192,30,30,30,30,30,30,30,30,30,30,30,30,30,30,30,30,30,30,30,30,30,30,30,30,30,30,30,30,30,30,30,30,30,30,30,30,30,30,30,30,30,30,30,30,30,30,30,30,30,30,30,30,30,30,30,30,30,30,30,30,30,30,30,30,30,30,30,30,30,30,30,30,30,30,30,30,30,30,30,30,30,30,30,30,30,30,30,30,30,30,30
Ch196,30,30,30,30,30,30,30,30,30,30,30,30,30,30,30,30,30,30,30,30,30,30,30,30,30,30,30,30,30,30,30,30,30,30,30,30,30,30,30,30,30,30,30,30,30,30,30,30,30,30,30,30,30,30,30,30,30,30,30,30,30,30,30,30,30,30,30,30,30,30,30,30,30,30,30,30,30,30,30,30,30,30,30,30,30,30,30,30,30,30,30
Ch8,30,30,30,30,30,30,30,30,30,30,30,30,30,30,30,30,30,30,30,30,30,30,30,30,30,30,30,30,30,30,30,30,30,30,30,30,30,30,30,30,30,30,30,30,30,30,30,30,30,30,30,30,30,30,30,30,30,30,30,30,30,30,30,30,30,30,30,30,30,30,30,30,30,30,30,30,30,30,30,30,30,30,30,30,30,30,30,30,30,30,30
Ch12,30,30,30,30,30,30,30,30,30,30,30,30,30,30,30,30,30,30,30,30,30,30,30,30,30,30,30,30,30,30,30,30,30,30,30,30,30,30,30,30,30,30,30,30,30,30,30,30,30,30,30,30,30,30,30,30,30,30,30,30,30,30,30,30,30,30,30,30,30,30,30,30,30,30,30,30,30,30,30,30,30,30,30,30,30,30,30,30,30,30,30
Ch16,30,30,30,30,30,30,30,30,30,30,30,30,30,30,30,30,30,30,30,30,30,30,30,30,30,30,30,30,30,30,30,30,30,30,30,30,30,30,30,30,30,30,30,30,30,30,30,30,30,30,30,30,30,30,30,30,30,30,30,30,30,30,30,30,30,30,30,30,30,30,30,30,30,30,30,30,30,30,30,30,30,30,30,30,30,30,30,30,30,30,30
Ch36,30,30,30,30,7.5,7.5,7.5,7.5,7.5,7.5,7.5,8.5,8.5,8.5,8.5,8.5,8.5,8.5,8.5,8.5,8.5,4.5,4.5,4.5,4.5,4.5,4.5,4.5,4.5,4.5,4.5,9,9,9,9,9,9,9,9,9,9,5,5,5,5,5,5,5,5,5,5,9,9,9,9,9,9,9,9,9,9,5,5,5,5,5,5,5,5,5,5,30,30,30,30,30,30,30,30,30,30,30,30,30,30,30,30,30,30,30,30
Ch40,30,30,30,30,7.5,7.5,7.5,7.5,7.5,7.5,7.5,8.5,8.5,8.5,8.5,8.5,8.5,8.5,8.5,8.5,8.5,4.5,4.5,4.5,4.5,4.5,4.5,4.5,4.5,4.5,4.5,9,9,9,9,9,9,9,9,9,9,5,5,5,5,5,5,5,5,5,5,9,9,9,9,9,9,9,9,9,9,5,5,5,5,5,5,5,5,5,5,30,30,30,30,30,30,30,30,30,30,30,30,30,30,30,30,30,30,30,30
Ch44,30,30,30,30,7.5,7.5,7.5,7.5,7.5,7.5,7.5,8.5,8.5,8.5,8.5,8.5,8.5,8.5,8.5,8.5,8.5,4.5,4.5,4.5,4.5,4.5,4.5,4.5,4.5,4.5,4.5,9,9,9,9,9,9,9,9,9,9,5,5,5,5,5,5,5,5,5,5,9,9,9,9,9,9,9,9,9,9,5,5,5,5,5,5,5,5,5,5,30,30,30,30,30,30,30,30,30,30,30,30,30,30,30,30,30,30,30,30
Ch48,30,30,30,30,7.5,7.5,7.5,7.5,7.5,7.5,7.5,8.5,8.5,8.5,8.5,8.5,8.5,8.5,8.5,8.5,8.5,4.5,4.5,4.5,4.5,4.5,4.5,4.5,4.5,4.5,4.5,9,9,9,9,9,9,9,9,9,9,5,5,5,5,5,5,5,5,5,5,9,9,9,9,9,9,9,9,9,9,5,5,5,5,5,5,5,5,5,5,30,30,30,30,30,30,30,30,30,30,30,30,30,30,30,30,30,30,30,30
Ch52,30,30,30,30,8,8,8,8,8,8,8,9,9,9,9,9,9,9,9,9,9,5,5,5,5,5,5,5,5,5,5,9,9,9,9,9,9,9,9,9,9,5,5,5,5,5,5,5,5,5,5,9,9,9,9,9,9,9,9,9,9,5,5,5,5,5,5,5,5,5,5,30,30,30,30,30,30,30,30,30,30,30,30,30,30,30,30,30,30,30,30
Ch56,30,30,30,30,8,8,8,8,8,8,8,9,9,9,9,9,9,9,9,9,9,5,5,5,5,5,5,5,5,5,5,9.5,9.5,9.5,9.5,9.5,9.5,9.5,9.5,9.5,9.5,5.5,5.5,5.5,5.5,5.5,5.5,5.5,5.5,5.5,5.5,9.5,9.5,9.5,9.5,9.5,9.5,9.5,9.5,9.5,9.5,5,5,5,5,5,5,5,5,5,5,30,30,30,30,30,30,30,30,30,30,30,30,30,30,30,30,30,30,30,30
Ch60,30,30,30,30,8,8,8,8,8,8,8,9,9,9,9,9,9,9,9,9,9,5,5,5,5,5,5,5,5,5,5,9.5,9.5,9.5,9.5,9.5,9.5,9.5,9.5,9.5,9.5,5.5,5.5,5.5,5.5,5.5,5.5,5.5,5.5,5.5,5.5,9,9,9,9,9,9,9,9,9,9,5,5,5,5,5,5,5,5,5,5,30,30,30,30,30,30,30,30,30,30,30,30,30,30,30,30,30,30,30,30
Ch64,30,30,30,30,8,8,8,8,8,8,8,9,9,9,9,9,9,9,9,9,9,5,5,5,5,5,5,5,5,5,5,9,9,9,9,9,9,9,9,9,9,5,5,5,5,5,5,5,5,5,5,9,9,9,9,9,9,9,9,9,9,5,5,5,5,5,5,5,5,5,5,30,30,30,30,30,30,30,30,30,30,30,30,30,30,30,30,30,30,30,30
Ch68,30,30,30,30,7.5,7.5,7.5,7.5,7.5,7.5,7.5,8.5,8.5,8.5,8.5,8.5,8.5,8.5,8.5,8.5,8.5,4.5,4.5,4.5,4.5,4.5,4.5,4.5,4.5,4.5,4.5,9,9,9,9,9,9,9,9,9,9,5,5,5,5,5,5,5,5,5,5,9,9,9,9,9,9,9,9,9,9,5,5,5,5,5,5,5,5,5,5,30,30,30,30,30,30,30,30,30,30,30,30,30,30,30,30,30,30,30,30
Ch72,30,30,30,30,7.5,7.5,7.5,7.5,7.5,7.5,7.5,8.5,8.5,8.5,8.5,8.5,8.5,8.5,8.5,8.5,8.5,4.5,4.5,4.5,4.5,4.5,4.5,4.5,4.5,4.5,4.5,9,9,9,9,9,9,9,9,9,9,5,5,5,5,5,5,5,5,5,5,9,9,9,9,9,9,9,9,9,9,5,5,5,5,5,5,5,5,5,5,30,30,30,30,30,30,30,30,30,30,30,30,30,30,30,30,30,30,30,30
Ch76,30,30,30,30,7.5,7.5,7.5,7.5,7.5,7.5,7.5,8.5,8.5,8.5,8.5,8.5,8.5,8.5,8.5,8.5,8.5,4.5,4.5,4.5,4.5,4.5,4.5,4.5,4.5,4.5,4.5,9,9,9,9,9,9,9,9,9,9,5,5,5,5,5,5,5,5,5,5,9,9,9,9,9,9,9,9,9,9,5,5,5,5,5,5,5,5,5,5,30,30,30,30,30,30,30,30,30,30,30,30,30,30,30,30,30,30,30,30
Ch80,30,30,30,30,7.5,7.5,7.5,7.5,7.5,7.5,7.5,8.5,8.5,8.5,8.5,8.5,8.5,8.5,8.5,8.5,8.5,4.5,4.5,4.5,4.5,4.5,4.5,4.5,4.5,4.5,4.5,9,9,9,9,9,9,9,9,9,9,5,5,5,5,5,5,5,5,5,5,9,9,9,9,9,9,9,9,9,9,5,5,5,5,5,5,5,5,5,5,30,30,30,30,30,30,30,30,30,30,30,30,30,30,30,30,30,30,30,30
Ch84,30,30,30,30,7.5,7.5,7.5,7.5,7.5,7.5,7.5,8.5,8.5,8.5,8.5,8.5,8.5,8.5,8.5,8.5,8.5,4.5,4.5,4.5,4.5,4.5,4.5,4.5,4.5,4.5,4.5,9,9,9,9,9,9,9,9,9,9,5,5,5,5,5,5,5,5,5,5,9,9,9,9,9,9,9,9,9,9,5,5,5,5,5,5,5,5,5,5,30,30,30,30,30,30,30,30,30,30,30,30,30,30,30,30,30,30,30,30
Ch88,30,30,30,30,7.5,7.5,7.5,7.5,7.5,7.5,7.5,8.5,8.5,8.5,8.5,8.5,8.5,8.5,8.5,8.5,8.5,4.5,4.5,4.5,4.5,4.5,4.5,4.5,4.5,4.5,4.5,9,9,9,9,9,9,9,9,9,9,5,5,5,5,5,5,5,5,5,5,9,9,9,9,9,9,9,9,9,9,5,5,5,5,5,5,5,5,5,5,30,30,30,30,30,30,30,30,30,30,30,30,30,30,30,30,30,30,30,30
Ch92,30,30,30,30,7.5,7.5,7.5,7.5,7.5,7.5,7.5,8.5,8.5,8.5,8.5,8.5,8.5,8.5,8.5,8.5,8.5,4.5,4.5,4.5,4.5,4.5,4.5,4.5,4.5,4.5,4.5,9,9,9,9,9,9,9,9,9,9,5,5,5,5,5,5,5,5,5,5,9,9,9,9,9,9,9,9,9,9,5,5,5,5,5,5,5,5,5,5,30,30,30,30,30,30,30,30,30,30,30,30,30,30,30,30,30,30,30,30
Ch96,30,30,30,30,7.5,7.5,7.5,7.5,7.5,7.5,7.5,8.5,8.5,8.5,8.5,8.5,8.5,8.5,8.5,8.5,8.5,4.5,4.5,4.5,4.5,4.5,4.5,4.5,4.5,4.5,4.5,9,9,9,9,9,9,9,9,9,9,5,5,5,5,5,5,5,5,5,5,9,9,9,9,9,9,9,9,9,9,5,5,5,5,5,5,5,5,5,5,30,30,30,30,30,30,30,30,30,30,30,30,30,30,30,30,30,30,30,30
Ch100,30,30,30,30,7.5,7.5,7.5,7.5,7.5,7.5,7.5,8.5,8.5,8.5,8.5,8.5,8.5,8.5,8.5,8.5,8.5,4.5,4.5,4.5,4.5,4.5,4.5,4.5,4.5,4.5,4.5,9,9,9,9,9,9,9,9,9,9,5,5,5,5,5,5,5,5,5,5,9,9,9,9,9,9,9,9,9,9,5,5,5,5,5,5,5,5,5,5,30,30,30,30,30,30,30,30,30,30,30,30,30,30,30,30,30,30,30,30
Ch104,30,30,30,30,7.5,7.5,7.5,7.5,7.5,7.5,7.5,8.5,8.5,8.5,8.5,8.5,8.5,8.5,8.5,8.5,8.5,4.5,4.5,4.5,4.5,4.5,4.5,4.5,4.5,4.5,4.5,9,9,9,9,9,9,9,9,9,9,5,5,5,5,5,5,5,5,5,5,9,9,9,9,9,9,9,9,9,9,5,5,5,5,5,5,5,5,5,5,30,30,30,30,30,30,30,30,30,30,30,30,30,30,30,30,30,30,30,30
Ch108,30,30,30,30,7.5,7.5,7.5,7.5,7.5,7.5,7.5,8.5,8.5,8.5,8.5,8.5,8.5,8.5,8.5,8.5,8.5,4.5,4.5,4.5,4.5,4.5,4.5,4.5,4.5,4.5,4.5,9,9,9,9,9,9,9,9,9,9,5,5,5,5,5,5,5,5,5,5,9,9,9,9,9,9,9,9,9,9,5,5,5,5,5,5,5,5,5,5,30,30,30,30,30,30,30,30,30,30,30,30,30,30,30,30,30,30,30,30
Ch112,30,30,30,30,7.5,7.5,7.5,7.5,7.5,7.5,7.5,8.5,8.5,8.5,8.5,8.5,8.5,8.5,8.5,8.5,8.5,4.5,4.5,4.5,4.5,4.5,4.5,4.5,4.5,4.5,4.5,9,9,9,9,9,9,9,9,9,9,5,5,5,5,5,5,5,5,5,5,9,9,9,9,9,9,9,9,9,9,5,5,5,5,5,5,5,5,5,5,30,30,30,30,30,30,30,30,30,30,30,30,30,30,30,30,30,30,30,30
Ch116,30,30,30,30,7.5,7.5,7.5,7.5,7.5,7.5,7.5,8.5,8.5,8.5,8.5,8.5,8.5,8.5,8.5,8.5,8.5,4.5,4.5,4.5,4.5,4.5,4.5,4.5,4.5,4.5,4.5,9,9,9,9,9,9,9,9,9,9,5,5,5,5,5,5,5,5,5,5,9,9,9,9,9,9,9,9,9,9,5,5,5,5,5,5,5,5,5,5,30,30,30,30,30,30,30,30,30,30,30,30,30,30,30,30,30,30,30,30
Ch120,30,30,30,30,7.5,7.5,7.5,7.5,7.5,7.5,7.5,8.5,8.5,8.5,8.5,8.5,8.5,8.5,8.5,8.5,8.5,4.5,4.5,4.5,4.5,4.5,4.5,4.5,4.5,4.5,4.5,9,9,9,9,9,9,9,9,9,9,5,5,5,5,5,5,5,5,5,5,9,9,9,9,9,9,9,9,9,9,5,5,5,5,5,5,5,5,5,5,30,30,30,30,30,30,30,30,30,30,30,30,30,30,30,30,30,30,30,30
Ch124,30,30,30,30,7.5,7.5,7.5,7.5,7.5,7.5,7.5,8.5,8.5,8.5,8.5,8.5,8.5,8.5,8.5,8.5,8.5,4.5,4.5,4.5,4.5,4.5,4.5,4.5,4.5,4.5,4.5,9,9,9,9,9,9,9,9,9,9,5,5,5,5,5,5,5,5,5,5,9,9,9,9,9,9,9,9,9,9,5,5,5,5,5,5,5,5,5,5,30,30,30,30,30,30,30,30,30,30,30,30,30,30,30,30,30,30,30,30
Ch128,30,30,30,30,7.5,7.5,7.5,7.5,7.5,7.5,7.5,8.5,8.5,8.5,8.5,8.5,8.5,8.5,8.5,8.5,8.5,4.5,4.5,4.5,4.5,4.5,4.5,4.5,4.5,4.5,4.5,9,9,9,9,9,9,9,9,9,9,5,5,5,5,5,5,5,5,5,5,9,9,9,9,9,9,9,9,9,9,5,5,5,5,5,5,5,5,5,5,30,30,30,30,30,30,30,30,30,30,30,30,30,30,30,30,30,30,30,30
Ch132,30,30,30,30,7.5,7.5,7.5,7.5,7.5,7.5,7.5,8.5,8.5,8.5,8.5,8.5,8.5,8.5,8.5,8.5,8.5,4.5,4.5,4.5,4.5,4.5,4.5,4.5,4.5,4.5,4.5,9,9,9,9,9,9,9,9,9,9,5,5,5,5,5,5,5,5,5,5,9,9,9,9,9,9,9,9,9,9,5,5,5,5,5,5,5,5,5,5,30,30,30,30,30,30,30,30,30,30,30,30,30,30,30,30,30,30,30,30
Ch136,30,30,30,30,7.5,7.5,7.5,7.5,7.5,7.5,7.5,8.5,8.5,8.5,8.5,8.5,8.5,8.5,8.5,8.5,8.5,4.5,4.5,4.5,4.5,4.5,4.5,4.5,4.5,4.5,4.5,9,9,9,9,9,9,9,9,9,9,5,5,5,5,5,5,5,5,5,5,9,9,9,9,9,9,9,9,9,9,5,5,5,5,5,5,5,5,5,5,30,30,30,30,30,30,30,30,30,30,30,30,30,30,30,30,30,30,30,30
Ch140,30,30,30,30,7.5,7.5,7.5,7.5,7.5,7.5,7.5,8.5,8.5,8.5,8.5,8.5,8.5,8.5,8.5,8.5,8.5,4.5,4.5,4.5,4.5,4.5,4.5,4.5,4.5,4.5,4.5,9,9,9,9,9,9,9,9,9,9,5,5,5,5,5,5,5,5,5,5,9,9,9,9,9,9,9,9,9,9,5,5,5,5,5,5,5,5,5,5,30,30,30,30,30,30,30,30,30,30,30,30,30,30,30,30,30,30,30,30
Ch144,30,30,30,30,7.5,7.5,7.5,7.5,7.5,7.5,7.5,8.5,8.5,8.5,8.5,8.5,8.5,8.5,8.5,8.5,8.5,4.5,4.5,4.5,4.5,4.5,4.5,4.5,4.5,4.5,4.5,9,9,9,9,9,9,9,9,9,9,5,5,5,5,5,5,5,5,5,5,9,9,9,9,9,9,9,9,9,9,5,5,5,5,5,5,5,5,5,5,30,30,30,30,30,30,30,30,30,30,30,30,30,30,30,30,30,30,30,30
Ch149,30,30,30,30,7.5,7.5,7.5,7.5,7.5,7.5,7.5,8.5,8.5,8.5,8.5,8.5,8.5,8.5,8.5,8.5,8.5,4.5,4.5,4.5,4.5,4.5,4.5,4.5,4.5,4.5,4.5,9,9,9,9,9,9,9,9,9,9,5,5,5,5,5,5,5,5,5,5,9,9,9,9,9,9,9,9,9,9,5,5,5,5,5,5,5,5,5,5,30,30,30,30,30,30,30,30,30,30,30,30,30,30,30,30,30,30,30,30
Ch153,30,30,30,30,7.5,7.5,7.5,7.5,7.5,7.5,7.5,8.5,8.5,8.5,8.5,8.5,8.5,8.5,8.5,8.5,8.5,4.5,4.5,4.5,4.5,4.5,4.5,4.5,4.5,4.5,4.5,9,9,9,9,9,9,9,9,9,9,5,5,5,5,5,5,5,5,5,5,9,9,9,9,9,9,9,9,9,9,5,5,5,5,5,5,5,5,5,5,30,30,30,30,30,30,30,30,30,30,30,30,30,30,30,30,30,30,30,30
Ch157,30,30,30,30,7.5,7.5,7.5,7.5,7.5,7.5,7.5,8.5,8.5,8.5,8.5,8.5,8.5,8.5,8.5,8.5,8.5,4.5,4.5,4.5,4.5,4.5,4.5,4.5,4.5,4.5,4.5,9,9,9,9,9,9,9,9,9,9,5,5,5,5,5,5,5,5,5,5,9,9,9,9,9,9,9,9,9,9,5,5,5,5,5,5,5,5,5,5,30,30,30,30,30,30,30,30,30,30,30,30,30,30,30,30,30,30,30,30
Ch161,30,30,30,30,7.5,7.5,7.5,7.5,7.5,7.5,7.5,8.5,8.5,8.5,8.5,8.5,8.5,8.5,8.5,8.5,8.5,4.5,4.5,4.5,4.5,4.5,4.5,4.5,4.5,4.5,4.5,9,9,9,9,9,9,9,9,9,9,5,5,5,5,5,5,5,5,5,5,9,9,9,9,9,9,9,9,9,9,5,5,5,5,5,5,5,5,5,5,30,30,30,30,30,30,30,30,30,30,30,30,30,30,30,30,30,30,30,30
Ch165,30,30,30,30,7.5,7.5,7.5,7.5,7.5,7.5,7.5,8.5,8.5,8.5,8.5,8.5,8.5,8.5,8.5,8.5,8.5,4.5,4.5,4.5,4.5,4.5,4.5,4.5,4.5,4.5,4.5,9,9,9,9,9,9,9,9,9,9,5,5,5,5,5,5,5,5,5,5,9,9,9,9,9,9,9,9,9,9,5,5,5,5,5,5,5,5,5,5,30,30,30,30,30,30,30,30,30,30,30,30,30,30,30,30,30,30,30,30
Ch169,30,30,30,30,7.5,7.5,7.5,7.5,7.5,7.5,7.5,8.5,8.5,8.5,8.5,8.5,8.5,8.5,8.5,8.5,8.5,4.5,4.5,4.5,4.5,4.5,4.5,4.5,4.5,4.5,4.5,9,9,9,9,9,9,9,9,9,9,5,5,5,5,5,5,5,5,5,5,9,9,9,9,9,9,9,9,9,9,5,5,5,5,5,5,5,5,5,5,30,30,30,30,30,30,30,30,30,30,30,30,30,30,30,30,30,30,30,30
Ch173,30,30,30,30,7.5,7.5,7.5,7.5,7.5,7.5,7.5,8.5,8.5,8.5,8.5,8.5,8.5,8.5,8.5,8.5,8.5,4.5,4.5,4.5,4.5,4.5,4.5,4.5,4.5,4.5,4.5,9,9,9,9,9,9,9,9,9,9,5,5,5,5,5,5,5,5,5,5,9,9,9,9,9,9,9,9,9,9,5,5,5,5,5,5,5,5,5,5,30,30,30,30,30,30,30,30,30,30,30,30,30,30,30,30,30,30,30,30
Ch177,30,30,30,30,7.5,7.5,7.5,7.5,7.5,7.5,7.5,8.5,8.5,8.5,8.5,8.5,8.5,8.5,8.5,8.5,8.5,4.5,4.5,4.5,4.5,4.5,4.5,4.5,4.5,4.5,4.5,9,9,9,9,9,9,9,9,9,9,5,5,5,5,5,5,5,5,5,5,9,9,9,9,9,9,9,9,9,9,5,5,5,5,5,5,5,5,5,5,30,30,30,30,30,30,30,30,30,30,30,30,30,30,30,30,30,30,30,30
Ch181,30,30,30,30,7.5,7.5,7.5,7.5,7.5,7.5,7.5,8.5,8.5,8.5,8.5,8.5,8.5,8.5,8.5,8.5,8.5,4.5,4.5,4.5,4.5,4.5,4.5,4.5,4.5,4.5,4.5,9,9,9,9,9,9,9,9,9,9,5,5,5,5,5,5,5,5,5,5,9,9,9,9,9,9,9,9,9,9,5,5,5,5,5,5,5,5,5,5,30,30,30,30,30,30,30,30,30,30,30,30,30,30,30,30,30,30,30,30
